[[0.7171052631578947, 0.006578947368421052, 0.06447368421052632, 0.0013157894736842105, 0.009210526315789473, 0.0, 0.017105263157894738, 0.006578947368421052, 0.0, 0.005263157894736842, 0.005263157894736842, 0.12105263157894737, 0.034210526315789476, 0.005263157894736842, 0.0013157894736842105, 0.0013157894736842105, 0.0013157894736842105, 0.002631578947368421, 0.0], [0.056338028169014086, 0.2535211267605634, 0.02176696542893726, 0.024327784891165175, 0.03841229193341869, 0.0038412291933418692, 0.04225352112676056, 0.056338028169014086, 0.08322663252240717, 0.04865556978233035, 0.024327784891165175, 0.04481434058898848, 0.06017925736235595, 0.04737516005121639, 0.03969270166453265, 0.026888604353393086, 0.07554417413572344, 0.016645326504481434, 0.03585147247119078], [0.0710594315245478, 0.003875968992248062, 0.7932816537467701, 0.0012919896640826874, 0.01937984496124031, 0.0, 0.00904392764857881, 0.0012919896640826874, 0.0012919896640826874, 0.03359173126614987, 0.0, 0.029715762273901807, 0.027131782945736434, 0.003875968992248062, 0.002583979328165375, 0.0, 0.0, 0.002583979328165375, 0.0], [0.005270092226613966, 0.017127799736495388, 0.0013175230566534915, 0.2648221343873518, 0.05533596837944664, 0.039525691699604744, 0.04479578392621871, 0.04084321475625823, 0.026350461133069828, 0.04084321475625823, 0.07509881422924901, 0.04479578392621871, 0.011857707509881422, 0.05928853754940711, 0.03293807641633729, 0.07905138339920949, 0.04084321475625823, 0.09617918313570488, 0.023715415019762844], [0.015915119363395226, 0.007957559681697613, 0.015915119363395226, 0.033156498673740056, 0.5092838196286472, 0.015915119363395226, 0.002652519893899204, 0.054376657824933686, 0.05968169761273209, 0.03978779840848806, 0.011936339522546418, 0.011936339522546418, 0.011936339522546418, 0.011936339522546418, 0.11273209549071618, 0.05968169761273209, 0.001326259946949602, 0.006631299734748011, 0.017241379310344827], [0.0, 0.0, 0.0024937655860349127, 0.057356608478802994, 0.017456359102244388, 0.6608478802992519, 0.012468827930174564, 0.0, 0.0024937655860349127, 0.004987531172069825, 0.04987531172069826, 0.012468827930174564, 0.0, 0.022443890274314215, 0.032418952618453865, 0.00997506234413965, 0.0024937655860349127, 0.10723192019950124, 0.004987531172069825], [0.06193548387096774, 0.05548387096774193, 0.003870967741935484, 0.04258064516129032, 0.01935483870967742, 0.007741935483870968, 0.36, 0.05548387096774193, 0.04129032258064516, 0.016774193548387096, 0.07741935483870968, 0.05290322580645161, 0.04129032258064516, 0.03483870967741935, 0.01032258064516129, 0.025806451612903226, 0.04, 0.02193548387096774, 0.03096774193548387], [0.036458333333333336, 0.022135416666666668, 0.00390625, 0.01953125, 0.0625, 0.0, 0.01953125, 0.34375, 0.15755208333333334, 0.01171875, 0.006510416666666667, 0.028645833333333332, 0.0026041666666666665, 0.016927083333333332, 0.0026041666666666665, 0.12760416666666666, 0.049479166666666664, 0.0, 0.08854166666666667], [0.00517464424320828, 0.01164294954721863, 0.00258732212160414, 0.007761966364812419, 0.03622250970245795, 0.0038809831824062097, 0.015523932729624839, 0.0815006468305304, 0.6934023285899095, 0.00258732212160414, 0.00258732212160414, 0.00129366106080207, 0.00258732212160414, 0.0038809831824062097, 0.009055627425614488, 0.02328589909443726, 0.06338939197930142, 0.00517464424320828, 0.028460543337645538], [0.02080624187256177, 0.0247074122236671, 0.045513654096228866, 0.0247074122236671, 0.03901170351105332, 0.009102730819245773, 0.014304291287386216, 0.022106631989596878, 0.006501950585175552, 0.4759427828348505, 0.02600780234070221, 0.045513654096228866, 0.07282184655396619, 0.014304291287386216, 0.09102730819245773, 0.011703511053315995, 0.031209362808842653, 0.015604681404421327, 0.009102730819245773], [0.017879948914431672, 0.031928480204342274, 0.007662835249042145, 0.08045977011494253, 0.031928480204342274, 0.024265644955300127, 0.06385696040868455, 0.020434227330779056, 0.017879948914431672, 0.0421455938697318, 0.3537675606641124, 0.05363984674329502, 0.04469987228607918, 0.04725415070242656, 0.038314176245210725, 0.017879948914431672, 0.04469987228607918, 0.04469987228607918, 0.016602809706257982], [0.20774193548387096, 0.05548387096774193, 0.03483870967741935, 0.02838709677419355, 0.02064516129032258, 0.01032258064516129, 0.05032258064516129, 0.027096774193548386, 0.012903225806451613, 0.03354838709677419, 0.05032258064516129, 0.3174193548387097, 0.06451612903225806, 0.014193548387096775, 0.016774193548387096, 0.02064516129032258, 0.016774193548387096, 0.014193548387096775, 0.003870967741935484], [0.06878306878306878, 0.06349206349206349, 0.04894179894179894, 0.022486772486772486, 0.03042328042328042, 0.0026455026455026454, 0.031746031746031744, 0.01984126984126984, 0.02513227513227513, 0.08465608465608465, 0.031746031746031744, 0.10582010582010581, 0.3373015873015873, 0.01984126984126984, 0.041005291005291, 0.011904761904761904, 0.03439153439153439, 0.015873015873015872, 0.003968253968253968], [0.03188775510204082, 0.044642857142857144, 0.012755102040816327, 0.07015306122448979, 0.04846938775510204, 0.02806122448979592, 0.047193877551020405, 0.07142857142857142, 0.03316326530612245, 0.02295918367346939, 0.061224489795918366, 0.03316326530612245, 0.02423469387755102, 0.2461734693877551, 0.01913265306122449, 0.05102040816326531, 0.04846938775510204, 0.0548469387755102, 0.05102040816326531], [0.00516795865633075, 0.02454780361757106, 0.002583979328165375, 0.016795865633074936, 0.08139534883720931, 0.015503875968992248, 0.007751937984496124, 0.0012919896640826874, 0.002583979328165375, 0.06718346253229975, 0.016795865633074936, 0.006459948320413436, 0.027131782945736434, 0.007751937984496124, 0.6447028423772609, 0.00516795865633075, 0.041343669250646, 0.014211886304909561, 0.011627906976744186], [0.005154639175257732, 0.010309278350515464, 0.0, 0.03350515463917526, 0.06056701030927835, 0.006443298969072165, 0.003865979381443299, 0.06829896907216494, 0.05283505154639175, 0.02577319587628866, 0.006443298969072165, 0.01288659793814433, 0.005154639175257732, 0.02577319587628866, 0.005154639175257732, 0.6494845360824743, 0.006443298969072165, 0.003865979381443299, 0.01804123711340206], [0.007792207792207792, 0.03116883116883117, 0.0012987012987012987, 0.012987012987012988, 0.0025974025974025974, 0.005194805194805195, 0.012987012987012988, 0.06883116883116883, 0.06103896103896104, 0.014285714285714285, 0.02727272727272727, 0.01818181818181818, 0.02987012987012987, 0.02207792207792208, 0.02207792207792208, 0.014285714285714285, 0.5844155844155844, 0.015584415584415584, 0.048051948051948054], [0.0038510911424903724, 0.006418485237483954, 0.006418485237483954, 0.05391527599486521, 0.023106546854942234, 0.05391527599486521, 0.008985879332477536, 0.0, 0.011553273427471117, 0.024390243902439025, 0.03337612323491656, 0.007702182284980745, 0.01668806161745828, 0.03337612323491656, 0.006418485237483954, 0.007702182284980745, 0.028241335044929396, 0.6700898587933247, 0.0038510911424903724], [0.0, 0.024967148488830485, 0.001314060446780552, 0.011826544021024968, 0.030223390275952694, 0.005256241787122208, 0.006570302233902759, 0.09198423127463863, 0.030223390275952694, 0.009198423127463863, 0.006570302233902759, 0.002628120893561104, 0.00788436268068331, 0.010512483574244415, 0.01971090670170828, 0.010512483574244415, 0.04467805519053877, 0.010512483574244415, 0.6754270696452037]]